Rows = 0.038500
Columns = 0.077733
Diagonals = 0.000100
Threads = 0.207733
Execution = 0.281633
Without Read = 0.247933
