Rows = 0.041167
Columns = 0.080867
Diagonals = 0.000233
Threads = 0.213833
Execution = 0.269167
Without Read = 0.253400
