Rows = 0.046700
Columns = 0.086133
Diagonals = 0.000367
Threads = 0.225867
Execution = 0.710567
Without Read = 0.267800
