Rows = 0.000067
Columns = 0.000300
Diagonals = 0.000067
Threads = 0.000000
Execution = 0.084033
Without Read = 0.050200
