Rows = 0.001400
Columns = 0.002667
Diagonals = 0.000100
Threads = 0.000000
Execution = 0.530967
Without Read = 0.057233
