Rows = 0.000333
Columns = 0.000000
Diagonals = 0.000000
Threads = 0.000000
Execution = 0.083133
Without Read = 0.049033
