Rows = 0.004867
Columns = 0.000000
Diagonals = 0.000000
Threads = 0.000000
Execution = 2663.229756
Without Read = 0.186979
