Rows = 0.099500
Columns = 0.000000
Diagonals = 0.000000
Threads = 0.000000
Execution = 33.484601
Without Read = 0.187268
