Rows = 0.001667
Columns = 0.000000
Diagonals = 0.000000
Threads = 0.000000
Execution = 0.502300
Without Read = 0.050000
