Rows = 0.000100
Columns = 0.000000
Diagonals = 0.000000
Threads = 0.000000
Execution = 0.066667
Without Read = 0.050467
