Rows = 0.000333
Columns = 0.000267
Diagonals = 0.000100
Threads = 0.000000
Execution = 0.085200
Without Read = 0.050400
