Rows = 0.000500
Columns = 0.000533
Diagonals = 0.000200
Threads = 0.000000
Execution = 0.160167
Without Read = 0.047433
