Rows = 0.322500
Columns = 0.244933
Diagonals = 0.000100
Threads = 0.615067
Execution = 0.664900
Without Read = 0.650200
